6.883937272190049361e-02
5.602416239985202884e-01
3.243537450218447749e-01
5.848447829111161345e-02
4.175517631427107523e-01
1.239023807567074809e-01
9.872933054100159200e-01
2.519612509135562561e-01
4.193340659262334569e-02
2.304127210724676300e-01
8.128857749990615611e-01
6.210078789622184431e-02
1.540195478206453916e-01
2.117166513048775456e-01
8.635066076855524297e-01
5.148282265251132722e-02
2.490627124570494733e-01
4.584875785217671362e-01
8.721957239096188585e-01
1.621044780415442366e-01
2.106486045220891945e-01
3.454002193711509794e-02
2.882705238518091240e-01
5.169235313706296298e-01
1.162629711705085445e-01
3.715151804920883150e-01
2.952958704905687126e-01
2.485324575056242769e-02
2.175873285120852318e-02
1.384153359172598241e-01
3.369385957066935861e-02
8.888053277546530129e-02
3.196613427152840414e-02
2.665703443298294006e-01
8.088768495802267644e-01
4.777425571715209207e-01
6.244027967651505362e-02
7.427454205485550798e-01
1.283801225900415566e-01
4.311938944833176163e-02
2.877462502924829635e-01
6.862624637447343190e-01
8.814429929952062592e-02
9.594477591390267179e-02
7.572640015444287442e-01
3.472130695899854069e-02
2.258390393794531548e-01
7.910966305587772973e-02
6.193535640963231115e-02
3.649412180473803891e-01
9.452745880556393532e-01
2.546063673622521728e-01
8.967044614478919540e-01
5.992444832232907137e-01
6.328756586138578610e-01
9.332731042839008673e-01
4.622048027975221296e-01
4.023340062650375692e-01
6.403028259088134888e-01
8.162532757289409080e-01
8.167173501458351303e-01
7.061522998874839585e-01
1.867620570345348840e-01
9.125370429465671229e-01
8.545579620364828211e-01
7.976761831496929078e-01
7.882652657760823578e-01
8.869606653396259199e-01
4.725732048558304310e-01
8.451869202898151245e-01
9.642785741984867265e-01
3.772555961944621949e-01
6.645312261205996718e-01
5.553966726827982425e-01
7.811332493201131877e-01
9.052159131313423091e-01
8.830093959024409855e-01
6.446565862441958616e-01
9.507066988048298306e-01
3.103460926138635334e-01
1.659922431925721642e-01
9.924846098399421335e-01
8.283642094570998760e-01
9.169060653881601075e-01
6.180552885921338779e-01
8.433156151845178083e-01
8.267252943901913786e-01
6.781729877784865579e-01
7.441550823592972819e-01
9.697712341815528658e-01
3.006864592199103292e-01
6.045700836567258207e-01
5.720228145250316754e-01
6.429795392108867969e-01
7.547487765921463421e-01
6.889427896822287734e-01
7.382742697227893114e-01
7.189431605869585074e-01
9.430509415648385962e-01
5.091865690887616980e-01
