1.848306893780238547e-01
1.192450720634080918e-01
1.189712929491867494e-01
1.211500653827103785e-01
9.467679615567088369e-01
9.174531328984787404e-01
3.078596142630968258e-01
9.128486165392938820e-03
2.257177104594694228e-01
1.869369193967627962e-01
1.696035565707867676e-01
1.180880901474080091e-01
8.282027591121144949e-01
9.060882433036158978e-02
8.550646715511768248e-01
3.836658433300584731e-02
2.879826077937053252e-01
1.517927009833679175e-01
2.689205888778686826e-01
6.145884920302759763e-02
1.429994316902478135e-01
2.214818521096804105e-01
1.207313504432911827e-01
4.368658930077148894e-02
2.179432525311119917e-01
2.188780971228496686e-01
3.747429602706340845e-01
9.524493890575791433e-02
9.641411146109157837e-02
1.135007819455973038e-01
4.103868992253471015e-01
5.778125545351326942e-01
6.733223636827455338e-02
1.820762115212607446e-01
7.256597699452740913e-02
2.904645814219321553e-01
3.636137762747831959e-01
2.802502511413156316e-01
1.026729874708119522e-01
1.749777607179145086e-02
2.265624627102292843e-01
6.747018088376001421e-02
2.002202322923615496e-01
3.132809662606833578e-01
8.817433075682955257e-02
2.200508297993056528e-01
2.528357819551935726e-01
3.614023538979863753e-02
1.414444893343287657e-01
1.551589317912077659e-01
9.328551289882009989e-01
7.366555390631303046e-01
7.835301566609523816e-01
8.623647513262204800e-01
5.896458689607450010e-01
8.485572502130920292e-01
9.129889411090914564e-01
6.715611693869890653e-01
6.505000945937836621e-01
9.569874909625067927e-01
8.985210274633921301e-01
4.193474059242897067e-01
9.779993334920199510e-01
6.778968996109346890e-01
5.147011927578274415e-01
9.799013148168054244e-01
9.536337851019002221e-01
8.127704321897630813e-01
9.030667569405496087e-01
4.248884043880190031e-01
6.252247593330086950e-01
4.761907478278690764e-01
3.454961967297793812e-01
9.851965884042056532e-01
2.578541695526702648e-01
8.494738723163917093e-01
8.250470913467062850e-01
7.255325389972320238e-01
8.268815094811046706e-02
7.655216678135736696e-01
7.584590954516277073e-01
8.919152259858218468e-01
8.956204013609360137e-01
9.635357530538806170e-01
7.657068368156244587e-01
9.554915251733808734e-01
9.957761445775151765e-01
4.074284287812933725e-01
9.813931154087276454e-01
8.999501103416945869e-01
7.374370200581814583e-01
4.914270057263268598e-01
5.685515870484437739e-01
8.607610299618264627e-01
2.179965721502822584e-01
9.490646173230831151e-01
8.922801692024198150e-01
6.728473112913671006e-01
8.266722101639311093e-01
9.794470916086714940e-01
