9.800535931999203587e-01
7.706885578652594715e-01
6.945214591173585195e-01
7.138828629415699956e-01
9.999999999999984457e-01
9.999999999999735767e-01
9.998694184868354151e-01
1.465332700848873814e-08
9.976652212155896482e-01
9.896429644917924540e-01
9.586386340652321980e-01
7.215998965970000789e-01
9.999999999890907265e-01
1.872407428580922240e-01
9.999999999952153829e-01
9.144337922971178647e-04
9.998302194753273531e-01
8.735927995731395113e-01
9.995466773167313024e-01
1.525267679803836603e-02
9.105547940682309216e-01
9.952992277262506793e-01
6.534260683223459543e-01
1.146955567603204955e-03
9.977500937000769454e-01
9.978626531352755569e-01
9.999892293492879114e-01
4.079357228081540443e-01
3.471221049048832108e-01
5.909499531659996308e-01
9.999947982135403146e-01
9.999999777498778109e-01
6.829173889755810190e-02
9.886003122008769628e-01
4.835918291183011197e-02
9.996637425202418159e-01
9.999731484521792169e-01
9.996022645039923660e-01
3.709564777801055424e-01
2.793138530887434087e-06
9.978046290585764755e-01
1.939804007003606903e-02
9.945523383197634182e-01
9.999057470921723922e-01
1.431296198163282130e-01
9.980571648486498137e-01
9.993937988752260582e-01
3.038326473215246441e-04
8.084907393724354296e-01
9.450607559055710372e-01
9.999999999999928946e-01
9.999999996036490479e-01
9.999999999436488540e-01
9.999999999970667908e-01
9.999999351815362925e-01
9.999999999932880357e-01
9.999999999998652189e-01
9.999999935276189245e-01
9.999999940202457527e-01
9.999999999999997780e-01
9.999999999997586375e-01
9.999968477480090101e-01
1.000000000000000000e+00
9.999999958742025186e-01
9.999992639148407303e-01
1.000000000000000000e+00
9.999999999999993339e-01
9.999999999846247434e-01
9.999999999999069633e-01
9.999923386458147156e-01
9.999999863839819092e-01
9.999992608494429058e-01
9.999802198320713043e-01
1.000000000000000000e+00
9.989217665148076852e-01
9.999999999946573848e-01
9.999999999904896075e-01
9.999999994260233560e-01
1.074260568802297700e-01
9.999999998160342685e-01
9.999999995741453152e-01
9.999999999997175593e-01
9.999999999996822542e-01
9.999999999999997780e-01
9.999999999083848401e-01
9.999999999999997780e-01
1.000000000000000000e+00
9.999945788675984604e-01
1.000000000000000000e+00
9.999999999997764011e-01
9.999999994961661365e-01
9.999992454507260486e-01
9.999998574011940145e-01
9.999999999989070965e-01
9.962049098207188536e-01
9.999999999999986677e-01
9.999999999997621902e-01
9.999999971306645641e-01
9.999999999938842254e-01
1.000000000000000000e+00
