8.395905142781021069e-02
4.127474977567841541e-01
2.118094104720747162e-01
6.138587879680514753e-02
4.316272162151748581e-01
1.892561851024071318e-01
9.996471730239263609e-01
1.700224202290418207e-01
4.510928148616599048e-02
3.194437690982426248e-01
8.113774406256064609e-01
6.280052974230244944e-02
2.777037133844765804e-01
1.717340822103374243e-01
9.388549731939210830e-01
6.148189735165131981e-02
2.134253049351489129e-01
3.052310206938317894e-01
7.764684253693826532e-01
1.797198617097483520e-01
2.535053608163486683e-01
4.592825783862928418e-02
1.907898460499904414e-01
3.624216270235245951e-01
1.158860843576550587e-01
3.031924934818999717e-01
4.170681467100069706e-01
3.637059713807548611e-02
3.273328428219893921e-02
1.249457505510735145e-01
4.877989008832316759e-02
8.181546626850802473e-02
4.169695829455078578e-02
2.281170657120498435e-01
7.361964332939593403e-01
3.598742111559771750e-01
7.438386524151513468e-02
4.661250944442102973e-01
1.009596822944118649e-01
4.905078929292372436e-02
2.394332082116125693e-01
4.266533414105430633e-01
7.963051705553916837e-02
9.596472267483784069e-02
9.144104634734849801e-01
4.383916139563100167e-02
1.643796562596455402e-01
8.681197575412338829e-02
7.182850097203324902e-02
2.407152513324819221e-01
9.997969348032996750e-01
1.932322135290911180e-01
9.996727589197444974e-01
3.894795521680431971e-01
8.518373731845152452e-01
8.968113748335362345e-01
7.202721416395009291e-01
6.053466696548236436e-01
6.427848509587978931e-01
9.497304660608539839e-01
8.275765228004839935e-01
8.430963508125226546e-01
1.820338915562224602e-01
8.807313420487381528e-01
9.644594097381755660e-01
6.514059246531214153e-01
8.289144615227885815e-01
9.986069504532513186e-01
3.793487226344110508e-01
9.482520791680564276e-01
9.774244086063010872e-01
3.118115951156558707e-01
6.300748685382751013e-01
4.262022474268076788e-01
8.020873869997375838e-01
9.912836017838689839e-01
7.102157301123355193e-01
4.702087207801828872e-01
9.820117305287746623e-01
2.498708403714926252e-01
1.602604830770824329e-01
9.998601128206368038e-01
9.681688044633615098e-01
9.343402462401759756e-01
5.085322634496166616e-01
8.780018335907268101e-01
8.046773702533501771e-01
6.498029884682742230e-01
7.525089868872328891e-01
9.999454554726115996e-01
2.342785725904067140e-01
7.147137626743373939e-01
6.953308880487509835e-01
8.041847088594835657e-01
8.354013748844523191e-01
5.220584791725237928e-01
5.029738557928499221e-01
7.232956640258896286e-01
9.979439320216575426e-01
4.142511836177287798e-01
