2.537040742833628904e-01
9.999993027247363608e-01
9.997584591451658120e-01
7.502478451468444498e-02
9.999951829110879098e-01
9.707672765592821884e-01
1.000000000000000000e+00
9.983203310262775965e-01
1.031636789001066576e-02
9.996301234400605251e-01
9.999999998913906563e-01
9.796177830431362921e-02
9.963296591904967636e-01
9.962532809888330343e-01
9.999999999986277643e-01
4.723474583426662959e-02
9.990806823080110588e-01
9.999905515025940828e-01
9.999999999659117123e-01
9.890803205586345959e-01
9.987931715820023149e-01
5.163400178468749609e-03
9.993865610069294636e-01
9.999978196306227307e-01
8.677360595519618691e-01
9.999637728879083864e-01
9.999600767912665278e-01
8.413617324563170581e-04
3.948123940714851608e-04
9.435808392069656714e-01
5.448850191457999502e-03
4.686742814925862199e-01
3.039484705986796650e-03
9.994626010519479520e-01
9.999999996695867477e-01
9.999960166504926473e-01
1.453140644703731221e-01
9.999999793285974103e-01
8.736069465801227230e-01
1.406320382975974510e-02
9.996859148063063083e-01
9.999999164845395638e-01
4.431964010044061597e-01
6.446546394064920360e-01
9.999999999566844266e-01
4.699742723475097347e-03
9.968697409292922584e-01
3.915206589800850345e-01
1.309855228054627174e-01
9.999154397967966457e-01
1.000000000000000000e+00
9.988942631177888387e-01
1.000000000000000000e+00
9.999995142519489955e-01
9.999999983548870652e-01
9.999999999997175593e-01
9.999998595833705650e-01
9.999988356966942327e-01
9.999999776128217777e-01
9.999999999969055864e-01
9.999999999235222869e-01
9.999999994316517427e-01
9.943671454879752236e-01
9.999999999987831956e-01
9.999999999995274891e-01
9.999999988998238276e-01
9.999999998551036828e-01
1.000000000000000000e+00
9.999964675910971712e-01
9.999999999984425791e-01
9.999999999999993339e-01
9.999698980161533246e-01
9.999999828073272701e-01
9.999993417281972663e-01
9.999999997425716991e-01
9.999999999999973355e-01
9.999999999466002709e-01
9.999998901542398455e-01
9.999999999999988898e-01
9.998149834825016402e-01
9.864294875526721240e-01
1.000000000000000000e+00
9.999999999992545963e-01
9.999999999997879474e-01
9.999998833582536273e-01
9.999999999852553501e-01
9.999999999148385665e-01
9.999999888000873360e-01
9.999999989269747758e-01
1.000000000000000000e+00
9.997329343034304650e-01
9.999999819952990476e-01
9.999999632534317673e-01
9.999999969129120814e-01
9.999999997383177686e-01
9.999999676203080723e-01
9.999999840797517692e-01
9.999999975452973366e-01
1.000000000000000000e+00
9.999985373814471723e-01
