9.693781576978755865e+00
7.151103517854934033e+00
1.175985586504309843e+01
7.306598382508424194e+00
1.763978678434697400e+01
6.232827016961579147e+00
7.641506154909437853e+00
8.102510140827533291e+00
8.745069931162834820e+00
6.342153985812225336e+00
5.428110255620177682e+00
6.736643617876319823e+00
8.237422578014145458e+00
9.508333830920257412e+00
9.062517300405891874e+00
9.591356554658016620e+00
8.691572785066819407e+00
1.247198199188339807e+01
9.101544774743532074e+00
9.513534019316729484e+00
7.463755451166182553e+00
1.112925171810246994e+01
8.374923522194322345e+00
6.978072109860554484e+00
6.055626875969605472e+00
5.814823310000374335e+00
1.480265577765480955e+01
6.108707647528186513e+00
1.412265764748986818e+01
5.396917102570552238e+00
9.757771150040060348e+00
7.954259403907308901e+00
7.629078534429669212e+00
1.115926734338937720e+01
1.040680308730400760e+01
1.257420441012687462e+01
8.408145241678653292e+00
6.810432302218035971e+00
1.023888406869169287e+01
5.720840517871751629e+00
4.676885518945685938e+00
1.254656686313309599e+01
6.608367522331729305e+00
8.739411794868949812e+00
1.510511326759202078e+01
1.030474564786453229e+01
1.007309894690924068e+01
7.427285493930699367e+00
8.155209308593995843e+00
1.191867935897040809e+01
7.628240648489112985e+00
9.086687430542307098e+00
9.995572099650445352e+00
6.375506169060964012e+00
1.352620839269491704e+01
7.653271165041279467e+00
6.847973960392725878e+00
1.021931600961056041e+01
9.571376851867318791e+00
9.908420833482530554e+00
7.268866873982961607e+00
7.938922759141815888e+00
1.396039662286448468e+01
6.570143185365255434e+00
1.624988616824579069e+01
6.464821126374086901e+00
8.426843510886792288e+00
5.668414016838907443e+00
1.309353118869189636e+01
8.385882613410677422e+00
5.718180565540314397e+00
1.418641391257938800e+01
7.913776614458338798e+00
1.042447248688650241e+01
1.309232400847495370e+01
1.371362435337781882e+01
5.900253499328286466e+00
1.220639259994765524e+01
7.015076533152981852e+00
7.007603759654651654e+00
1.089494990103419525e+01
1.105156142147605003e+01
1.494096023493712799e+01
4.898247911389962184e+00
4.890707666022247047e+00
7.900697664289851652e+00
1.990337750898972402e+01
4.024170188998774655e+00
1.576434406386037246e+01
9.182128729510472098e+00
6.059483677017021286e+00
7.008661287952941521e+00
7.694778435259467919e+00
5.907642886585872333e+00
1.501002712768492486e+01
7.349715037756565650e+00
9.154841028444723250e+00
9.056935984534025152e+00
8.820510515747059799e+00
1.540480040348724344e+01
9.934948697527767436e+00
1.773429589719737720e+01
1.105442069499167346e+01
1.215988350214029623e+01
9.241695407477356738e+00
4.296018580506292928e+00
8.834058249872443369e+00
6.837555899913394519e+00
8.590020697233999414e+00
1.026977468696372853e+01
7.993074397500313566e+00
1.007293892504736554e+01
6.288871269802509545e+00
9.908352469718154865e+00
1.331170455435630906e+01
1.763632299020405014e+01
1.373459837761107849e+01
1.205065211773960954e+01
7.748572605645486888e+00
9.856083989797193468e+00
9.146242833411109885e+00
1.105830421844789413e+01
6.007325888777681477e+00
8.894931370640083657e+00
6.129747729897666808e+00
1.291281415983697300e+01
1.239909641195866818e+01
1.366956682404098444e+01
9.127217360753220987e+00
7.476617252945326975e+00
5.121745806239584198e+00
6.221823743794526074e+00
6.001402665219697674e+00
1.484999750940719743e+01
9.498670074739198554e+00
1.276096116383059709e+01
1.682053875305853197e+01
7.091447839085805782e+00
1.025221824866043185e+01
1.213914589414033962e+01
1.348134389418660284e+01
1.039623597034798586e+01
1.453984038354241548e+01
1.052225915111059784e+01
1.771557134834189995e+01
9.410539942509961620e+00
1.532897082246647891e+01
1.213573158732643442e+01
5.403653465013316115e+00
8.867334256837946072e+00
8.408020246907046413e+00
9.014325102636441045e+00
1.507946032430089112e+01
1.250315011785053265e+01
1.201805325914499178e+01
6.829075106082688862e+00
7.593779471070869036e+00
7.968560157560072632e+00
4.927400789023607786e+00
5.296095804127818774e+00
4.699808903859002740e+00
9.154288778233658164e+00
9.046836361670575144e+00
8.135894182410192244e+00
7.413642334777910570e+00
1.148109670853963493e+01
1.476246435908906207e+01
7.792818537748361862e+00
1.118462934069212977e+01
1.078963803621463491e+01
1.539180977530230621e+01
1.001694567223454868e+01
5.316716482001273114e+00
1.150247090178943843e+01
1.587619592356412745e+01
5.936909183239156285e+00
1.661100750786260960e+01
1.284620026733277420e+01
6.134846548111211106e+00
9.212255772532337517e+00
1.492681683848716645e+01
1.399506851149772935e+01
1.026625773771006145e+01
6.643862278439084612e+00
9.977759862203791741e+00
8.789543316198534129e+00
9.069001873741367348e+00
8.448855644260072850e+00
7.890262153701640635e+00
5.359917814319575591e+00
1.029502200000867695e+01
1.368440957611888109e+01
6.874311281871956503e+00
5.877306986500723696e+00
6.592536429829942257e+00
6.943090629615307208e+00
1.234936021899146041e+01
1.143630255385492411e+01
1.137336957106121638e+01
1.283530449414126728e+01
5.635047724649140832e+00
4.321928589625686712e+00
5.702756654917275014e+00
8.863066446683479427e+00
9.021190570012834087e+00
6.814897220520586885e+00
9.971588280704645868e+00
7.043592151683430558e+00
7.617726674658650943e+00
6.793969592086514631e+00
1.034724082438246029e+01
5.816946386856682416e+00
6.839019050217067353e+00
7.767134123804761536e+00
4.979118649694593834e+00
8.986401825560809797e+00
4.961898748972204842e+00
8.444423991174824451e+00
5.219599438150117621e+00
6.640041383686693166e+00
9.237289881840412775e+00
1.419519512832476948e+01
1.225726810131749289e+01
8.433349289531765436e+00
7.533708226284612230e+00
1.109222341945003265e+01
1.149328991914550357e+01
8.279428331890105852e+00
6.298991771792104899e+00
1.095180964585773431e+01
8.702887142423964661e+00
6.466980340325346965e+00
1.121784287515661838e+01
1.188238497475777500e+01
5.675318940175083426e+00
8.544226334228151032e+00
6.016204556526974834e+00
1.101238451391559714e+01
1.009308577402550000e+01
1.893018632513994959e+01
9.382435166994367748e+00
6.412080348695175402e+00
9.816493096046501776e+00
8.846790508025689448e+00
1.086874112397599212e+01
1.111209294202615006e+01
9.032400671274887216e+00
6.743645042573933601e+00
1.192023931935245251e+01
9.622175028238880046e+00
